eval_loss = 0.08970886137375096
fn = 31
fp = 115
mcc = 0.45935042214606553
tn = 842
tp = 75
