eval_loss = 0.07349334516770019
fn = 38
fp = 105
mcc = 0.4316505430673822
tn = 852
tp = 68
