eval_loss = 0.07572430894599137
fn = 41
fp = 82
mcc = 0.4578719017512503
tn = 875
tp = 65
