eval_loss = 0.0751276420926376
fn = 40
fp = 100
mcc = 0.4276738683043882
tn = 857
tp = 66
