eval_loss = 0.07151063947113222
fn = 35
fp = 77
mcc = 0.5100842657514301
tn = 880
tp = 71
