eval_loss = 0.08654671946439792
fn = 42
fp = 82
mcc = 0.45097483331299476
tn = 875
tp = 64
