eval_loss = 0.07089808332333293
fn = 35
fp = 97
mcc = 0.46691436582061446
tn = 860
tp = 71
