eval_loss = 0.06999485821689705
fn = 48
fp = 87
mcc = 0.39830581023873857
tn = 870
tp = 58
