eval_loss = 0.07698772962683359
fn = 47
fp = 99
mcc = 0.3816834434846361
tn = 858
tp = 59
