eval_loss = 0.08016429936098311
fn = 35
fp = 110
mcc = 0.44230884135243825
tn = 847
tp = 71
