eval_loss = 0.06388369789515945
fn = 35
fp = 71
mcc = 0.5245718965947718
tn = 886
tp = 71
