eval_loss = 0.062439905506090645
fn = 41
fp = 82
mcc = 0.4578719017512503
tn = 875
tp = 65
