eval_loss = 0.11127820212172025
fn = 29
fp = 120
mcc = 0.4634555755622702
tn = 837
tp = 77
