eval_loss = 0.09954863644827525
fn = 32
fp = 102
mcc = 0.476834458617591
tn = 855
tp = 74
