eval_loss = 0.06865157254946393
fn = 45
fp = 117
mcc = 0.36368986601500636
tn = 840
tp = 61
