eval_loss = 0.08368785049564935
fn = 38
fp = 126
mcc = 0.39549305496760906
tn = 831
tp = 68
