eval_loss = 0.060140610800905
fn = 40
fp = 91
mcc = 0.44551344859462966
tn = 866
tp = 66
