eval_loss = 0.10101204144724987
fn = 38
fp = 88
mcc = 0.4653229225948144
tn = 869
tp = 68
