eval_loss = 0.05929054985537044
fn = 45
fp = 77
mcc = 0.441279910017419
tn = 880
tp = 61
