eval_loss = 0.0733456960300336
fn = 43
fp = 78
mcc = 0.4530138444423396
tn = 879
tp = 63
