eval_loss = 0.10227386857810858
fn = 30
fp = 149
mcc = 0.4116992143137044
tn = 808
tp = 76
