eval_loss = 0.07183170388090795
fn = 37
fp = 96
mcc = 0.455605087207599
tn = 861
tp = 69
