eval_loss = 0.07256486183370178
fn = 41
fp = 109
mcc = 0.40434643450276175
tn = 848
tp = 65
