eval_loss = 0.08981425210186932
fn = 39
fp = 100
mcc = 0.43439703084606174
tn = 857
tp = 67
