eval_loss = 0.0669731419986567
fn = 41
fp = 95
mcc = 0.43064222419468584
tn = 862
tp = 65
