eval_loss = 0.07032383008281122
fn = 48
fp = 93
mcc = 0.38621306390474486
tn = 864
tp = 58
