eval_loss = 0.07870443041286783
fn = 34
fp = 134
mcc = 0.4087468357577347
tn = 823
tp = 72
