eval_loss = 0.06437564101745737
fn = 36
fp = 111
mcc = 0.43395568168221876
tn = 846
tp = 70
