eval_loss = 0.08459039756767645
fn = 38
fp = 118
mcc = 0.40865449835099016
tn = 839
tp = 68
