eval_loss = 0.06678733046267935
fn = 40
fp = 74
mcc = 0.48316192188948753
tn = 883
tp = 66
